183
0 14
32372 58112 61304 93558 3741 28080 85491 48496 44840 5932 93926 22441 42836 23424 
1 10
56416 37238 17522 1820 46249 86958 79387 67718 37975 62917 
2 14
22401 11990 65002 63706 67410 53378 77505 33638 44556 46197 59662 64323 95718 2576 
3 18
34198 92013 22280 46973 45053 32798 48553 82590 12496 49750 55173 50977 10406 61674 90206 18204 47822 27372 
4 10
41490 52097 99029 21625 79702 89703 4741 78230 9884 92775 
5 15
88816 49364 31325 50515 94640 96148 78328 20270 60207 15422 67942 14148 21582 90309 35658 
6 15
29962 76810 53303 93596 35105 93693 71161 95095 7008 65449 36581 4524 44555 7473 47212 
7 12
25655 18531 83751 93446 15607 26562 3628 85540 33977 91227 13543 18110 
8 17
25431 55843 25654 69484 8996 4922 26256 99754 83493 12346 78480 30286 19966 44158 47241 80273 24563 
9 20
96915 1918 67049 35314 76938 1889 92111 23109 85615 77258 13095 3242 1901 59832 38592 70627 99363 83505 42918 85781 
10 11
715 76945 8197 77481 62446 21371 50595 48688 15571 503 71964 
11 15
98670 28793 44283 24213 6542 51409 79169 26968 12097 93712 83428 10627 56116 95983 69414 
12 10
85095 84169 43485 83139 36661 7035 96994 11758 59459 7832 
13 10
73418 23796 34572 65766 76296 54187 50888 51168 42973 30070 
14 14
44386 72304 11738 53115 69507 80511 54100 32297 11514 39489 84547 63865 33970 86425 
15 10
75116 76543 73512 91404 48196 5734 60941 19032 21393 71736 
16 11
32079 12465 95455 69006 90738 92198 65973 88551 26075 67199 19224 
17 14
39265 62366 18424 99327 28138 94143 2620 29824 2525 18230 36660 60934 39373 18035 
18 11
61086 57644 38821 3822 72210 29257 54326 52475 88536 8491 62605 
19 17
80781 47119 78144 36508 82681 35817 65843 72151 32194 29223 27102 55721 83887 67448 31872 25368 65611 
20 19
61723 65651 89785 89954 68771 20578 48680 48210 71887 42801 45180 48965 24654 39747 95778 35527 19097 66902 40209 
21 15
83457 39050 78045 83966 78931 5314 51814 34905 54873 20004 38892 94195 88013 75785 25626 
22 11
35838 40304 61459 99831 82638 27336 11790 55184 46812 81020 82426 
23 11
63133 58905 3395 28141 99968 4115 20465 99184 94483 85321 48733 
24 20
34688 32722 79918 39066 43182 59710 5281 47332 62465 73905 89990 91504 2164 60249 67532 87633 10816 34217 52990 35676 
25 11
55235 80150 82989 68788 5018 73926 6841 67775 22571 11090 98520 
26 11
56925 94394 72758 98245 30797 40391 6063 38554 56495 29897 73362 
27 13
69348 63472 67756 34557 62188 17147 69617 21937 66674 75632 59082 14914 99464 
28 16
68359 70783 12455 77751 21251 77487 12829 91520 50138 2954 51529 60262 43434 6806 49094 78236 
29 14
40576 59565 67883 88186 31603 80064 48012 24533 75611 43069 18523 89480 25729 33631 
30 15
77425 18164 98860 52709 74415 30247 57564 66043 34284 53964 11670 39175 15370 2474 47767 
31 15
71387 52850 21468 97922 47244 17235 42422 34061 74736 75521 24752 60822 51614 10564 56279 
32 11
65063 13506 45239 65213 67196 24503 24500 201 5853 30725 66038 
33 11
77499 79956 51680 24204 67993 49061 79668 8245 20599 7097 68278 
34 17
82253 4327 5163 72165 27796 56570 68860 18908 4688 63573 10613 31707 61709 78231 56962 40876 42309 
35 20
64013 70869 8067 88499 15433 59610 52806 38082 72032 30280 49069 48828 60650 13993 1741 78703 961 12300 89066 94030 
36 18
91324 44223 13355 10195 77941 89539 85014 71534 26819 63240 57352 31792 68962 95713 91373 46400 18667 93514 
37 13
94183 85570 94464 62405 88294 25342 40424 31033 91754 20560 87436 26739 49626 
38 16
27508 68403 22363 22660 38461 69522 20548 83270 22673 52244 62393 64619 18744 76036 1059 35885 
39 10
18019 28602 70007 34109 30787 64002 82661 90686 79939 30092 
40 18
40945 63781 88094 80243 90665 4796 91097 77951 56106 69637 52900 578 9950 61772 51272 65752 54372 78420 
41 18
98647 19502 52307 56261 65625 14219 37540 11380 64347 20001 75605 6836 89962 86924 7419 58255 8858 90696 
42 10
72445 13604 82032 82855 80191 87693 82591 20538 64765 34917 
43 19
89309 25794 18442 41999 63639 45821 22817 81785 19296 50753 36390 25065 93166 46273 75983 8808 32460 65657 76843 
44 18
33157 76730 32929 89846 29709 34060 83569 46357 30202 38507 57248 41312 34605 67282 34923 167 3664 65934 
45 13
55321 37796 42594 36722 12078 5385 47648 91105 40055 70015 71272 88392 14259 
46 14
53252 87212 68142 13254 84572 25972 21626 48332 78371 85307 32380 98778 87881 91455 
47 10
14892 53515 74551 78717 29936 39496 44340 93556 71361 57944 
48 18
46463 15511 16327 73359 21808 71416 43036 12801 26132 64318 92384 96522 87819 34274 28808 11537 38153 6783 
49 18
3164 68926 1616 46731 65529 4332 13767 33847 82656 77942 49812 41018 86005 25097 51954 37840 74189 60358 
50 17
96356 75376 66077 86751 96602 46488 36803 3616 38459 96380 75064 5030 88650 36873 46382 79640 96160 
51 14
46043 66945 59355 62069 79145 5194 93055 75917 87179 7218 98971 83162 80968 99269 
52 12
35679 80421 48988 37438 66419 71164 23332 10981 58897 63614 23151 65242 
53 19
8461 72059 14454 10214 15454 85203 87917 21673 4260 28022 62255 60773 90135 36804 76611 89403 82890 55337 4014 
54 20
12685 3359 75223 83280 24935 28079 48760 642 74996 18934 1414 25486 28885 85644 57314 53834 78296 3135 74229 29160 
55 14
70874 79798 12786 69010 36235 13167 44688 83436 55809 94077 74915 20579 82642 31600 
56 18
75926 94724 95314 67956 35878 70288 34769 21077 96008 68116 92033 26822 49510 69349 9544 3598 98111 1147 
57 13
19528 22414 89440 77848 43369 60612 58043 52106 37780 36349 36073 33913 75910 
58 20
28162 14982 68371 33661 41992 36096 18904 83653 2492 62589 52310 32544 87993 18367 95454 81339 25539 74352 40088 26392 
59 20
38427 46024 49208 90812 45002 14462 11486 48788 6306 1672 25050 76171 84004 86973 90174 73545 21013 5870 22505 65227 
60 13
24271 36563 17095 38915 68314 94341 55210 43646 45437 47095 82873 11477 9901 
61 20
81470 25917 87963 73261 18428 20095 50712 61662 34476 2919 71418 13526 49451 62095 65508 40452 40767 91180 31145 45172 
62 19
4975 62649 86535 60898 90012 29298 68607 28201 97974 75819 46591 52663 85761 55415 83046 38214 43867 39929 5294 
63 20
53939 48767 93888 83197 88756 61531 54273 92097 93585 98182 77971 30537 65452 40642 34842 31128 20575 71803 15737 10427 
64 15
77163 92084 19113 42742 6962 81377 36951 229 58604 23191 30230 12985 81014 4141 30077 
65 18
83859 72964 39797 79479 30870 50087 88394 78907 30152 6876 10677 74792 76266 91472 55525 15478 65823 94317 
66 14
2929 17313 38316 93809 51855 3332 75489 10035 7754 43482 54361 26228 38182 67169 
67 16
71957 25819 82484 97338 60359 25977 64081 79753 66083 72446 29673 1974 63945 34253 54528 11527 
68 20
61095 91244 92751 90381 9103 83085 31499 79150 89247 82872 94490 91570 22578 31997 36135 64789 81121 55025 31119 49367 
69 20
21074 33352 32064 27530 72417 38358 60721 2589 24539 15825 22298 56360 45742 24598 15500 91585 28685 41374 68814 54753 
70 10
53923 5291 48383 10242 10578 42620 53977 8464 66266 94105 
71 18
20105 52101 55685 91077 17562 86178 36494 65536 58474 59019 24976 90282 33031 1592 12402 17847 90973 62430 
72 16
7892 28401 77310 96767 46558 76111 25615 76676 35104 32200 9262 22339 82345 45944 89424 12835 
73 17
37701 7108 61470 28662 94469 77269 55375 78858 88888 11171 89593 80946 28274 87106 3692 12197 14953 
74 14
71961 93434 78535 8661 6928 34659 81013 87237 95283 43114 47023 29563 51500 27826 
75 12
76380 84272 73332 25348 84968 40882 45807 92383 51863 14959 57966 37692 
76 10
94775 12199 33710 5039 99050 22969 2360 71651 69957 70893 
77 18
21502 52000 65374 7818 28488 92386 8781 47534 52185 98875 22761 26388 74011 4307 74697 62194 61008 99921 
78 20
29418 20552 61763 49808 14519 78589 78305 57357 76220 52944 48503 90165 78901 48694 93865 78708 48976 70031 16542 89391 
79 20
85228 6139 59767 56722 7197 60052 3917 71289 74079 52332 38928 87551 20794 49517 79707 76733 98322 91109 28308 47170 
80 16
28203 9341 49159 92849 62459 61703 19636 51402 11085 21859 96211 11429 7725 75942 89566 75619 
81 13
85312 51969 53460 16248 60537 93053 55526 76636 3901 76356 41352 65757 85355 
82 17
11584 67825 47681 56723 91428 39012 75440 74048 45335 97221 50851 53981 94283 12341 28980 29120 86810 
83 12
76539 95266 47115 23031 3145 74371 96872 95885 98000 69992 99268 94505 
84 18
42086 41139 22929 87131 51950 47698 90896 5579 42600 73428 37323 28119 60901 96436 60687 86445 35966 64014 
85 14
48916 61319 55811 53829 29446 31300 76783 89475 8480 45966 37851 31926 92688 84829 
86 20
42352 1988 75995 75758 47631 66794 7618 38766 50826 49067 36766 88210 82960 2159 48982 98341 19537 50809 37636 60125 
87 17
41750 77610 1466 58344 37452 71061 12262 77565 53249 15626 28167 99279 20342 55233 28104 83198 26364 
88 18
78056 18636 29815 76762 84237 57556 91430 73956 79428 8919 19817 90657 99933 40679 14951 52339 30185 69388 
89 11
75126 91486 34490 36828 1403 4779 34635 49811 87351 50911 10189 
90 12
29885 24425 18928 92036 50263 7872 75727 44630 56204 66331 14848 73174 
91 9
81347 98187 32523 19759 74293 25465 26465 26860 48379 
92 13
78452 87680 83086 28837 54261 50315 56405 23273 62447 86297 23659 67175 31640 
93 16
7302 88238 14822 43575 40768 33615 35813 59238 25204 15614 68552 7214 69437 81783 89516 99861 
94 13
80286 12096 50204 93210 68981 56935 95766 71384 99315 29311 5521 22425 31486 
95 10
88275 92021 61254 3198 15458 36057 65480 7440 97363 53302 
96 19
93894 24299 46416 51440 54550 48821 37131 32414 93202 27971 48369 26647 36736 71378 43454 72832 39829 2997 662 
97 11
78054 21147 83455 9054 23302 45501 32483 31635 93183 15578 63812 
98 12
52762 87608 20474 96614 14604 95278 84265 53584 6558 72201 52800 4539 
99 12
59309 64810 37887 42542 43279 30560 58485 28378 79617 83249 75962 54443 
100 19
32694 33402 71702 73164 26140 2605 29745 2734 7148 21706 39666 31973 20633 68321 47941 1096 19889 13906 27464 
101 12
40167 21305 23828 63645 61898 73340 9300 82125 25873 61293 26188 2643 
102 18
58096 48161 41172 10376 77887 76267 48195 53496 5603 85793 15993 66750 85738 17314 89031 32342 90614 73389 
103 14
91967 90199 59813 81276 44922 49086 57047 29932 29333 96287 78116 36626 27610 84999 
104 15
68935 96430 9197 52329 93184 29950 56153 17028 81167 14082 99881 21389 24177 22857 8273 
105 16
82393 62870 47901 24258 48044 95390 53979 77119 40682 56609 15107 15778 97611 76297 73865 67360 
106 13
98702 72330 36329 72414 54274 272 12254 65646 81758 75385 60216 36802 81290 
107 18
23095 53585 26069 69553 8442 10335 78013 87210 57606 57453 91607 91144 75928 94364 30656 18679 44856 81143 
108 15
5567 83358 34317 8036 18691 16266 56438 40622 3865 44632 17244 23129 95036 23386 87513 
109 14
49250 73875 51301 33026 10989 96661 1255 70705 17231 54476 22199 79351 72784 23397 
110 10
96088 90076 97986 27417 17491 6298 54403 25795 92807 82428 
111 14
71248 71244 13128 63508 77559 96050 22045 71468 49134 34065 20362 65921 78617 26990 
112 17
30716 27221 90459 62727 34928 66548 4708 67507 97009 52064 65958 97667 16265 89958 52090 67228 65896 
113 17
29679 27080 709 16114 46173 19078 2405 90562 37713 50222 96340 67843 63402 76289 56232 59711 99596 
114 19
22110 97718 21943 66843 51211 66959 75883 91222 21860 97262 39782 92271 63694 29382 13148 77161 20950 10211 94756 
115 10
15324 23222 76143 79026 18760 18702 21252 5637 836 96914 
116 12
2846 31885 60202 19761 39545 13387 48298 57009 64898 58323 40243 6821 
117 10
1300 97376 55542 1115 480 31 73571 67781 11889 66649 
118 13
47159 62264 92878 99868 59149 86208 4871 3709 29501 70422 67107 49202 59604 
119 10
24918 58005 15965 25461 29969 21628 79047 39522 79953 38960 
120 17
79296 9183 88021 62848 88036 58564 18793 6272 44905 45670 24733 84481 1133 57998 82147 53429 47299 
121 17
46320 25918 2008 33766 70799 60235 27997 4384 2855 49504 31681 96838 89744 42512 16614 26996 31814 
122 12
61135 82094 64750 45683 86738 71019 78491 38905 65680 10286 16173 80062 
123 18
43817 29877 63776 78173 34124 76904 58262 42728 51990 44475 94829 60948 97778 89881 21827 45055 28397 24544 
124 18
43743 77695 96095 71113 86838 30464 14715 1774 47443 34585 19180 23030 85778 21817 74009 33297 49790 15749 
125 11
75586 93569 10037 2777 46077 25067 26052 2003 83145 40830 34898 
126 9
22221 61442 33427 80033 33668 26527 95111 4392 92019 
127 20
56487 84110 30401 89630 11501 66411 64396 92103 50800 29540 27322 53287 68993 47592 34388 53925 62057 15665 84276 70445 
128 20
36538 9849 43459 20893 62730 28426 67639 74278 88319 11610 34407 57799 22378 68616 58252 73468 30693 82787 78397 46322 
129 11
96378 30763 91263 15648 830 81202 45331 42024 38393 62386 16660 
130 11
94227 23826 97473 44390 81021 59580 35272 73227 24026 51565 92841 
131 20
3560 91131 24522 97717 48990 66888 28747 23120 13722 7343 27148 4861 46796 71810 38820 69673 78792 12603 63971 50672 
132 16
67365 14221 73348 20489 95224 48981 2045 10566 20397 11963 14480 19258 92692 53104 86293 76078 
133 16
49046 45890 41814 86581 43342 82358 40134 18033 42696 19111 32659 83817 83911 59687 77140 62708 
134 15
95361 97223 997 1816 34089 60066 47982 54092 42641 71874 75695 47875 5454 88953 32592 
135 12
74827 20902 86868 27361 48088 76004 3873 7179 63795 76364 73452 42527 
136 15
6 80789 16504 27941 88692 46440 96061 39403 86499 26000 95207 65072 65605 68153 22932 
137 14
69990 93723 4937 13141 15573 47068 39311 15161 94302 60660 26462 73787 61203 90877 
138 10
29167 78699 61802 56399 32223 78467 51015 86380 82573 94932 
139 20
71718 69698 64012 86127 5244 23964 83015 52271 63803 69991 66197 24465 93392 64584 24284 33369 87723 80221 21751 65253 
140 14
97381 63190 32980 29803 55519 14793 4878 91856 78897 33966 72164 8443 33322 59514 
141 14
71243 70789 45191 43336 91827 7501 72056 44258 31951 27292 88197 31823 43951 57714 
142 10
53396 51053 28095 82721 26103 42447 35757 36971 75986 50051 
143 15
40500 92191 83662 47923 55231 5144 89288 27485 40239 1236 32002 53170 28087 4697 40103 
144 16
98411 11257 5971 88118 27459 31349 31828 38537 2690 12666 40104 86148 55097 98495 32739 10622 
145 13
80953 98603 9777 67023 2017 59424 83533 92625 45646 65440 6829 18616 56386 
146 19
40813 84281 64281 20546 15824 26726 34525 91760 78614 17782 73426 22173 69910 62769 6635 76612 80532 8037 44884 
147 17
44482 14763 50940 85530 5135 9061 39387 95810 70938 33337 88922 65737 58943 15445 52564 71667 60699 
148 16
17853 11747 39688 33452 3944 12394 61383 50175 88270 97465 25295 21056 24093 80492 25772 68776 
149 17
3698 26840 11996 64075 22393 21810 51976 91424 41036 90289 60509 53430 61274 63998 56700 1584 56585 
150 16
32118 31537 56837 43820 80613 88175 32060 18014 94657 20539 98476 46772 43090 12540 28339 8592 
151 11
86037 50988 39749 4128 12232 72185 735 62517 69435 11828 28313 
152 16
53836 80554 5537 42852 72365 25435 2018 5501 72229 92696 3916 56848 41047 61742 43224 99431 
153 11
64306 48471 15310 98102 25096 33117 54588 1689 19375 90146 91310 
154 11
12449 23323 64879 57021 30610 96926 61247 20953 35264 31755 84460 
155 10
45396 23316 25153 30986 69228 5349 54774 30485 78488 43613 
156 11
11694 99811 96439 38534 5794 73595 31253 48818 21025 56857 33183 
157 14
56931 41184 17486 98963 52131 45341 35453 75337 46958 18798 49952 31516 6581 44766 
158 16
38706 48789 50787 54793 69335 69402 56149 30562 6214 78653 11643 12250 79318 68775 65441 66851 
159 13
71584 37154 18562 35848 83126 15434 59500 16155 69715 64663 31830 45620 3959 
160 18
99499 68851 22210 88857 99955 96000 42993 73694 16784 83031 91320 30706 80409 43041 83663 40261 10371 31054 
161 15
19522 269 43794 78567 53714 4946 38041 8029 40360 91194 14865 61375 91893 56248 54610 
162 18
95339 47392 65710 99232 30421 93884 64475 36401 53296 40734 2614 82842 34765 74059 6120 85849 38721 1631 
163 17
31946 75430 45756 98206 38362 35097 21236 10666 34656 83532 15027 90677 10778 67692 8511 77680 12742 
164 12
79199 56115 72221 35328 49563 75685 41464 18491 26344 76471 57272 47247 
165 18
78736 40273 18057 73702 28972 44697 85351 75659 87711 81647 79718 91445 42489 44023 74228 4015 83829 63738 
166 18
53626 76639 82652 24913 9933 23215 82064 35545 30647 63514 28246 79583 44461 40844 99468 42191 3636 51715 
167 18
48701 73451 38424 35697 97106 31124 25735 60288 95174 6601 14906 70492 94138 12193 69605 48405 98921 87883 
168 17
77628 87042 3945 720 7456 5517 58892 15590 19816 828 74993 23769 46807 19267 22551 92746 70335 
169 14
89427 72174 67338 86303 50504 53684 1600 79020 82723 29425 44187 80701 20841 85256 
170 18
34523 52615 60881 27337 11981 29348 9010 25090 11544 68828 74908 50086 6498 83846 45522 69860 2609 54721 
171 12
54113 14016 41918 64853 32837 32399 85319 71662 72561 30528 25155 7267 
172 15
83108 16931 98655 56917 75823 63498 62627 18500 97591 61540 83952 2046 39934 71665 34782 
173 19
59365 25371 86543 17907 99670 65767 25364 91032 96968 20256 935 26356 80719 22132 83082 39171 44438 72490 18282 
174 13
98092 19467 133 61538 96624 18881 83173 98776 66898 34697 17035 18372 58466 
175 15
74994 72358 43473 78198 24360 14402 43531 77057 78195 32271 67461 33989 93328 24210 97078 
176 20
58989 19175 20814 19634 96916 54960 89216 24254 8575 32325 58688 43578 31153 3733 16479 80336 34849 58628 91645 9998 
177 11
21367 73011 64478 77372 97249 83763 73757 12587 46386 87269 19041 
178 16
26056 32676 73469 92627 94331 240 35136 79853 87498 73739 40140 65054 73480 27594 32299 72725 
179 13
92263 57132 30927 67170 98136 93276 39183 90908 34086 90776 82616 79114 74432 
180 11
12400 83089 1443 63815 88125 34778 41628 20516 82153 62814 83103 
181 18
93877 86725 4118 27821 95917 8368 66024 23199 97597 89882 68766 84705 19665 59005 79281 84902 93960 9181 
182 16
62855 64426 81284 99924 70515 41580 23833 33143 15035 32525 28392 43484 40156 8377 56425 74384 
