37
131 200
39123 27753 65599 12999 93908 41945 40991 5177 43225 48396 17524 7875 23171 10793 36170 87860 58707 92781 10715 21659 10063 35126 98519 47540 87738 2714 92449 81702 74486 30227 28216 25939 64710 21200 82999 69396 56991 85755 68343 60111 17269 85875 17819 84434 84775 18402 90059 42016 19035 13138 44131 75247 65592 8784 98347 97132 54393 99422 34051 67292 24971 57616 21420 42844 87769 8990 53597 82683 83754 37031 42589 58748 58727 89808 10914 61128 2257 40236 14636 90552 55712 64423 55794 6341 51387 28041 48366 29089 34416 69140 11673 3040 61200 30322 19447 10225 44608 29307 53399 94040 74717 1282 70294 98923 88218 16222 40585 12044 82440 61069 59282 80352 41480 2405 45261 30036 29304 2549 74436 90964 98246 23828 11069 30495 5067 74752 84181 25006 76082 11800 97038 32789 92423 5888 80839 92625 59689 59214 73773 82887 83 491 19121 15794 36702 19177 88753 56782 32717 77399 17199 53227 28653 5468 88955 85287 70002 13788 63753 76206 55521 45806 68811 48548 51762 68743 92923 33030 7744 38442 87084 18093 70694 47423 70527 36135 45565 32274 10410 1144 16290 37833 9260 56680 4773 2159 27074 35333 73728 99013 74372 64602 23769 34644 38011 79567 97785 40695 56786 18781 
205 194
75062 27332 90949 50311 50583 23999 99207 54977 27717 27680 39629 30000 11199 37665 82273 26432 25881 65972 87038 49689 16635 57593 81020 37244 57024 59299 3283 92844 10086 89312 96374 1922 2222 85204 683 80560 47294 78965 87257 44839 65853 37018 31696 89563 76356 64752 9143 84373 98824 91117 88415 22592 73562 6832 3019 38102 39535 18040 79605 71762 10888 19530 5152 45068 25994 16027 97713 98772 32443 66135 13741 5858 25603 42970 25230 88811 17244 18758 41019 76748 77816 37324 30235 55747 32870 25980 3137 26040 4922 35137 49397 60526 44202 68669 96822 89449 27336 67934 6727 58238 27150 30867 55773 90470 79944 28910 67394 96846 98628 12323 96566 37366 29555 90527 16310 46925 56299 80234 81526 44999 66432 92061 51052 69748 91618 54531 6807 80750 71868 53377 78478 24416 87092 12171 18240 50170 72166 14136 62656 66313 48454 69188 71328 84539 25155 88279 44446 43567 80684 70349 72299 48476 57679 15450 37392 29084 70747 50834 69367 40477 41444 96429 67910 60967 61452 68823 41037 36381 34551 19176 47578 36169 97303 26545 84108 25259 81081 54833 34205 37493 76175 63739 72510 13475 75645 24135 27906 23433 26152 79936 41374 20081 39707 50073 
209 191
56274 74594 23766 29464 39957 34146 92751 55663 77998 88554 86616 59445 15873 75322 2422 31727 2984 88808 99004 8248 45077 50963 69999 4391 40398 95405 88360 67641 63183 88852 92953 53786 5223 75323 72777 39268 6493 1982 16582 43021 60805 95909 60765 13168 52507 19917 63515 84594 36925 79487 57945 70228 36162 88442 34567 94339 45216 18949 45370 76856 51869 18579 42730 29525 38487 7917 28228 45721 93733 37070 97234 99961 69464 70275 73055 40571 71694 15403 56664 27975 6180 71473 82748 76048 37080 9384 2033 79580 85343 59000 65089 90316 35017 19074 15417 74921 76136 39495 78706 73124 86039 85490 21996 5394 23520 41509 87093 47507 81771 65391 6062 16805 54204 53486 4382 89660 47822 47771 7391 50057 98694 75684 60691 796 60091 97851 21863 1424 10876 28072 5062 90060 97036 11360 92846 17464 89525 69440 53865 46219 35826 79988 50499 3731 75245 55803 65694 11000 47576 31985 56456 55495 30290 61972 9635 1202 14301 74746 25061 69736 3535 36496 93996 44928 45381 67751 25793 87170 37415 46233 84574 58537 95574 48155 91676 43434 46275 84348 6919 79225 3109 48328 42195 37582 23623 84010 15043 92685 10022 56903 72439 
555 190
27073 28567 49808 45506 1395 62157 13786 292 32338 48567 1859 42480 6316 81449 8937 55925 10948 8272 40648 17670 1603 75284 2425 87305 29647 52563 88143 80533 21369 58547 11675 70499 19132 98943 71394 80751 42802 29698 30491 96721 25336 18400 80737 83039 62932 56714 50208 20104 31114 54106 38506 19343 85706 24905 79890 93620 69374 89144 68180 29984 76374 13967 94750 79610 75887 92999 43458 48713 81441 78697 71654 62239 12950 23796 1774 94347 48895 78855 99038 61212 11952 71552 11687 41329 65101 5561 75792 12734 51281 53370 27872 44317 77010 19899 66050 97951 65310 18650 42857 3182 21127 85953 10302 39669 60830 8899 81036 6149 73164 22406 92161 35176 58267 15202 70480 28684 18595 95086 93153 96085 92137 25319 22010 35065 44065 42305 5108 5585 59904 19727 72605 85662 38541 84657 41555 91229 87741 89247 47441 42819 80930 16480 85943 10431 18725 69079 21098 69211 25987 82529 7845 56952 94712 96552 71208 74683 23677 18432 56428 7229 68900 18768 79701 40037 94180 33285 25555 89539 11723 54192 67303 14399 71426 6540 93260 11491 26157 12669 65830 94462 21675 53095 23410 50682 96939 4162 43868 86482 49249 71564 
8 188
81498 83340 8910 80723 95679 27148 36263 98639 95311 68750 1787 32146 19465 84529 26499 94549 15766 49133 9157 63072 71153 78220 29457 82842 59433 41030 68293 42769 45945 37171 80118 79418 76554 52227 73556 19651 7774 9358 64473 86758 65890 10745 3693 73624 79125 49127 39985 62365 3046 17757 62671 62813 94495 31115 86507 10885 54447 55297 24654 82835 80408 16081 14503 24328 21782 98198 60885 59667 49622 26497 46785 72437 70032 78801 40713 23957 28406 97756 91434 39637 96462 44877 89828 12540 55920 79998 51206 60041 9192 76938 53897 31970 27513 7121 34812 10632 47436 80252 11034 53001 67581 687 10019 76266 94807 20778 81013 40848 46605 75049 51380 66380 21350 67853 48529 66863 61053 62654 2742 25518 43883 65109 3894 37185 56358 2026 69799 15956 91531 5972 71454 35713 90853 44366 11084 49375 77929 70189 62861 82245 54548 80011 95522 94025 81099 69739 53275 36488 62373 18985 91517 15573 10279 74177 93859 56408 38785 91696 40651 27309 73619 33618 50464 59390 49387 7919 59062 26109 73348 40123 71350 46463 65763 49088 60142 7413 64545 6795 59961 59659 30093 91673 76731 91321 27595 37568 23365 57133 
373 180
6887 26054 99636 9005 55487 85504 39164 81102 63529 14945 58891 95528 72914 63509 12177 48238 91631 32368 48860 29000 25789 77170 69355 43192 63613 65371 75833 48348 66065 51705 33190 42793 36955 94661 78158 74329 92757 81023 30502 18956 33317 48660 78388 29016 53893 2977 83257 59907 68551 29484 45273 65396 83605 26954 90572 49167 3704 73714 34185 54844 66995 33130 60353 99187 6553 81039 75655 10853 87534 65172 79203 64588 39013 88997 72052 47222 14578 63526 75723 39121 34912 23836 34565 70205 55678 31852 76290 36218 56295 25845 69920 64102 44134 82247 96136 78771 98034 14317 51330 99963 27928 85101 48377 37024 8471 54949 58066 38775 88962 15759 80668 70518 17505 63573 70014 17325 52732 38457 52268 74040 28768 25938 53060 59817 44553 32272 22092 12267 96151 78493 92819 79960 96815 95576 76735 85523 95297 18487 93177 31155 40271 70211 61948 99235 9262 93426 71176 69747 29015 54281 79330 79873 91760 7098 78137 81120 17701 51790 80961 92568 93046 28230 50877 24759 70789 82445 95506 64047 13535 70731 10901 6285 46485 60926 68846 81668 66240 56123 98217 28210 
953 177
18302 32316 2295 23556 33393 66755 63103 25435 47996 32206 50507 67832 31786 69271 94979 64010 73962 99485 19822 21445 88708 6391 55601 46865 19783 38132 66247 30327 43896 47330 74716 70272 13634 45774 60267 63293 47408 55977 70529 62298 3456 42198 10207 55789 27913 93990 98126 20394 24500 67713 50895 51818 73458 76576 65213 66916 76296 15714 68494 39262 4147 57355 32539 3939 17159 83780 83137 38151 13459 2036 26736 39962 70758 70486 24072 21735 82581 74231 87950 64885 18103 53644 73288 75881 64468 38839 88198 82146 84438 94227 88761 2513 8634 44348 36627 9137 85242 41533 39748 55507 12507 19798 54829 37647 26756 27523 9174 74371 42872 93795 92569 96114 98933 97806 90924 8016 60887 89077 22417 87078 66694 20172 23102 16875 11370 42078 51972 81608 52672 16386 87899 21409 79546 61767 83871 33325 24597 52783 97253 18549 5579 10609 20969 22368 23114 83975 94356 63762 78340 35682 19888 97863 71446 14529 57927 67907 42369 14621 2441 68927 94514 53551 4414 36725 82362 85413 43142 18717 61085 78492 20509 27866 97987 66937 47935 43189 31327 
594 167
24856 95675 1968 77811 99743 13423 94120 52301 25255 1667 68634 54035 94007 18435 17932 94633 18504 21682 6181 58851 61321 11379 86360 47755 60881 63867 65898 82351 84312 67930 92275 28198 96113 29339 35999 90023 1116 50310 45335 59042 20404 21533 20268 33848 23797 97000 12199 81581 1932 61977 59966 37433 66330 13144 14783 3123 61469 37303 90045 95792 97028 56314 99738 12923 30108 32342 29197 27713 42607 82212 30973 76545 45910 92244 8702 47132 12326 72382 5887 25427 99093 99765 77113 34525 22546 97668 24110 93098 60819 17564 30370 77762 87421 20269 72893 86513 92386 24457 52188 23921 94022 79587 69038 33437 22653 2793 59595 22294 80022 19944 67752 98941 16578 11482 9032 61864 38400 25491 40558 5438 96855 81293 24262 67346 80476 9011 76102 35158 36465 16882 99914 76390 19119 23560 34439 94069 82340 43114 65179 21981 28204 82490 1475 19848 717 63283 96655 26764 9601 78925 77741 11999 13035 56629 3133 15688 93917 64700 7662 66669 32444 472 38636 3548 71357 28584 15993 
583 166
23101 68692 75160 31618 59137 11678 31291 17709 3157 81869 95436 16760 75939 90929 30264 72829 56478 7937 97675 60602 80494 23574 87306 3791 31577 36400 2177 53170 66802 62125 21461 98899 17221 55334 66512 78721 80062 5145 38236 59888 99468 21721 18643 31789 8845 68896 65062 3799 77797 3379 93116 96752 92527 76743 77704 23548 34562 17045 13066 54590 90834 1069 66295 18562 37909 48140 57635 93651 43177 17420 44817 5942 9112 42282 11911 65985 2388 79178 64601 86995 56017 48316 75956 39794 50930 65117 74747 63935 79258 87451 89402 30051 77465 26529 77979 94214 95128 9966 11219 71519 78238 16212 38927 31712 5037 92015 81155 6567 57810 5041 10262 39826 98934 60486 9169 26049 76275 34000 89610 68817 16537 81216 70146 79874 77602 31107 91936 91038 80769 96179 26624 86824 36525 76388 95841 44954 8847 17447 41665 50467 31987 1807 92628 73367 58296 20028 45769 19229 12163 28844 17331 67177 74548 20817 12927 4453 99524 16382 18858 23927 21248 20088 68164 38918 15793 70169 
264 163
24606 69257 45546 8296 82009 86761 576 14304 92830 76994 24518 74704 2400 63457 80708 34708 68410 36164 38550 49080 46139 74610 3400 64935 53518 37857 35844 52338 76954 10289 15802 46511 15163 25422 92888 5549 33886 54353 96414 74143 5906 35444 88017 63754 74083 45802 56550 366 52664 39321 57856 24076 31139 58743 44384 57054 36923 75515 44053 37943 13745 66619 85610 80402 60146 12312 32956 91735 36330 57972 90143 85302 30249 68238 83897 33543 55819 58526 46546 2236 85812 27023 43639 31482 52149 59623 46999 65574 1622 43008 46314 91833 31465 41643 59834 32498 78206 19851 54898 48393 81286 88608 73145 73915 60957 59454 37429 17927 73026 84637 73480 70949 4713 74305 93964 87062 87673 76560 61418 5215 80153 25645 49258 74670 60331 45237 50699 94621 81318 47841 1007 11611 33426 66952 85647 60451 96331 20524 46099 32438 91231 50429 24576 77365 70506 93173 80131 21546 5526 30200 96840 10214 20551 75065 50280 61149 15520 52918 33161 63539 91418 52081 13607 
253 157
30252 99359 1134 92211 70278 43465 1720 77047 65226 57962 48292 94755 56212 38432 62578 45277 36811 74656 59217 74365 67649 13179 76259 20704 14689 33480 91042 8548 8081 49272 51001 74252 27475 69828 62927 44903 24364 71393 62342 3581 14986 8629 69856 34580 42987 97254 78393 37398 15372 71836 38361 59812 72142 57421 84778 30952 61374 88662 14199 46379 39141 67515 18631 34568 66818 28378 27072 45939 92814 71273 25779 73384 22901 4595 18246 15383 44641 64389 92931 20449 82538 46856 91447 33927 92514 48329 50961 39767 48102 88140 27376 2168 18975 78070 22259 49362 88177 7096 66374 84172 93698 4568 97733 40352 41148 3258 38075 99423 24783 9627 25334 9774 2837 29995 90603 58626 11667 75193 2747 62981 62174 81257 34443 77992 79880 3110 32307 48809 24583 55437 19898 83463 70557 59033 82560 12694 77593 27270 52312 65029 63343 24129 28513 19022 71035 7198 10405 25911 83909 23807 13205 58109 35670 59555 58333 48078 84742 
467 148
73120 71462 24983 61013 48977 61995 19924 2310 15611 13601 80016 12840 74506 38144 7879 49319 80393 37544 39007 36278 59957 35136 7210 50268 87523 86623 7491 52361 25772 11108 62457 25034 54197 77125 88170 564 64449 76598 50500 79280 98147 3032 80932 20494 13888 40671 30225 44684 23457 89061 33652 42114 24676 93825 58661 32669 97331 29578 10809 27887 6846 76749 31047 50730 93110 7191 29638 44321 43493 70751 57570 70726 87251 77783 47067 64427 68706 48792 51788 93741 21148 74673 64572 84792 59714 57177 80424 40513 46400 4325 6072 50043 47293 76355 83957 78514 68523 51520 7571 63102 52510 95183 24940 24782 57863 95717 73558 33891 70680 55337 40604 46482 95830 10848 32434 57462 94932 49601 3313 22254 69763 26404 47182 72571 95910 543 65465 6173 48850 78540 76113 55670 57566 44268 76551 94028 58382 81391 24246 85288 11082 67799 32162 49617 10277 92958 77227 670 
955 142
50808 53080 67080 99878 26101 79903 68039 87691 65989 36696 8427 76912 16770 86350 96373 34933 83558 37492 6145 96197 36675 17136 47628 7498 25844 98366 31066 29788 56514 16737 62088 13307 49561 82319 43075 77893 17154 61872 34941 40134 92141 64084 73456 25329 19401 23815 19801 22464 49418 29534 17290 13753 6931 9407 72298 43733 37023 29799 74541 24655 15115 58850 29866 66533 43746 37701 8710 14309 51582 40798 84261 74194 34831 85260 62868 7997 58254 60628 920 62213 93070 74251 43410 81127 70214 65724 68535 91992 94889 33338 12932 86668 87822 78071 40121 41176 19650 74244 86386 45876 42913 84496 56016 22605 47427 57681 6326 16957 3867 1927 33549 26757 10968 60800 45343 48036 81208 93819 53622 97325 45236 99206 50266 16495 33805 80795 68921 17865 18528 94665 11319 56058 65199 64589 17930 10785 87390 81461 8072 50151 29027 69297 
210 136
44394 41228 98700 59762 90206 80799 28809 14593 27024 75429 72891 40628 60019 85632 67 33164 96573 54666 11441 88894 61488 92334 76892 94308 7589 23297 28256 47824 14166 45043 33126 3982 52810 63945 18254 85931 23612 87807 93542 42754 8458 338 63511 55341 48880 23735 47984 2685 38825 44707 24643 57020 81610 4212 32170 8063 6790 31177 19910 65955 53962 53825 54036 36917 44486 74882 42836 79111 88348 37866 75088 80285 35452 48634 46674 24585 64194 90619 22713 99831 11909 33251 46778 65300 36605 86590 68154 24189 71381 58788 25973 67884 52806 44759 94410 26818 2725 7995 49143 13289 48818 85606 2188 91859 72506 28488 9646 31313 46823 29088 29595 96315 41408 49860 47351 92406 29311 56824 51765 38729 20182 453 50560 46391 10976 22637 48460 52037 89485 12610 22383 46386 42597 35282 73682 26492 
3 133
95207 42871 97814 54174 16003 75469 58029 58353 3441 14297 21553 83803 57108 10918 93333 66113 83466 57479 68437 70555 54841 42128 67278 48486 36759 27695 59104 84615 18151 52580 35886 82935 44377 65786 64947 50847 99447 80309 63000 89308 11266 56357 37342 59357 89820 39257 91331 71812 29482 81346 30058 46044 99106 39828 40669 31286 49288 58013 47794 52245 3433 16930 57446 31385 23645 62652 8942 99576 58135 53009 58996 2672 96556 61546 82055 36317 34005 35404 62252 94767 46892 33433 82950 96173 72141 67101 87863 16606 39783 49109 77965 32724 81436 53186 53807 15600 90944 89708 99439 91140 58824 40647 39813 60005 12313 46022 14165 15783 58173 18150 8265 26969 90174 33851 10564 53018 2044 67221 46298 37300 4680 44217 52652 72235 86548 39655 44756 92469 97069 47721 10713 50474 47098 
888 127
6670 26227 2198 27888 59830 73554 87404 63550 85615 37992 56446 66469 43172 47627 35334 63606 66431 77505 60544 3294 50867 74820 95417 23907 42993 61405 96263 6092 46060 64057 12212 52713 56821 45298 9530 93671 49379 16256 11181 11384 30750 58517 29042 82447 70896 50003 84216 94785 10163 1741 78612 44895 22111 31643 88739 71335 2301 59259 99596 9402 9685 28391 96193 87970 56394 69746 99663 30679 25186 75300 34801 71172 88421 66782 49135 36505 41057 73309 49165 41895 70746 27140 62991 12555 29513 94181 43903 88028 49196 88512 65766 4792 78759 93525 48909 40721 13667 9860 18448 36934 24636 95672 38429 79415 42815 71853 24533 42531 85113 63007 62352 48037 49349 71728 2796 40660 70062 77145 57639 91506 63823 71367 8871 82817 1903 77441 1950 
938 121
45622 98363 78384 35364 14383 42645 77309 23309 48271 89995 93697 69300 6197 99874 77830 68996 99535 33819 73405 4891 70603 43875 413 48201 46922 72650 27515 53401 30934 39839 38562 35996 21631 41067 44031 38156 5913 78687 41857 91601 44808 4469 73642 37599 4749 13300 74249 48527 86552 46464 9575 55726 23253 82195 87443 35867 43781 92307 68383 17521 9369 66348 95051 67255 77056 11161 25997 31012 10817 89648 73042 24592 48159 97118 8594 62926 74850 76783 11234 42582 43541 81991 17529 99091 34354 42571 60818 81698 49513 2334 63139 46671 75834 49313 5840 20248 31136 56421 99797 77257 10736 6456 16404 79248 25638 3819 84662 3687 75526 2431 71651 56871 46479 84482 24218 56620 67847 89940 72703 36940 99989 
499 115
42834 64635 15780 26683 69420 28452 61213 75251 81419 46446 95273 37294 90681 67427 23063 49317 96893 23387 77474 51079 92338 53033 26657 69502 69971 16891 88225 62943 68959 96796 85420 90907 83472 6279 47004 79494 19937 25170 42703 96503 2462 51098 66102 7337 10026 21132 44006 60821 60282 24863 17175 16584 63774 50333 55356 20736 7764 54757 42929 28811 43873 25787 12115 79709 87174 59653 26086 36025 93315 95470 15952 92962 2369 45797 33691 97298 73278 42229 57499 75472 57278 56237 7493 75024 36133 48389 26258 29591 81841 12896 49423 56666 81241 26728 91831 89017 65473 64140 32173 24495 34793 84223 30427 10718 41357 28953 20459 70811 32529 60246 42726 31834 14863 52060 55964 
314 109
47585 28539 57301 90915 73729 60487 14226 61912 4739 97805 54265 63062 28373 11901 83159 33970 31144 80667 19775 63827 89945 78267 18143 71449 88201 73483 75533 22448 54439 15812 82182 46222 8308 60960 2855 28557 88176 2490 18191 49636 19403 12500 65718 64045 95893 4048 69448 96875 3788 43542 79726 15362 19864 45369 1041 588 98502 5464 38650 52135 9785 22420 8620 37305 19748 36837 72716 4482 34456 59845 53610 86102 50232 41210 12590 28024 98320 7404 75695 88382 76812 18941 67812 60860 69913 25395 94409 47926 47083 96670 31194 13098 15168 16634 47139 91931 16895 77044 84965 91401 13240 31619 54522 61852 72449 72817 54514 37896 75443 
277 106
99787 92981 12382 95150 58155 95753 42345 51049 97701 57082 22947 23843 98212 26668 58755 21129 80219 20565 72959 85770 9305 30135 82521 49576 41440 77367 18028 67923 95140 34459 19100 91453 27234 80762 49626 10357 9513 26242 71323 45942 8655 91163 532 85411 31404 58290 36807 60922 57079 97311 81570 80014 70907 68961 4916 71376 89860 48789 27026 51138 51766 6074 15093 47339 6590 24020 60283 87584 97429 42794 20720 82593 68928 87007 57902 69116 84588 14158 12829 26708 78668 47910 45603 53803 87244 62333 74144 78723 73182 15664 84522 23005 9006 33839 60263 9052 83026 49708 59565 75372 8840 71147 45866 12128 43365 87652 
73 96
29330 35488 79703 59150 9292 24374 37469 1661 32407 89538 27488 27481 32802 54707 69096 50676 68288 59793 14512 79350 62184 82151 99112 40419 91793 90380 38272 90624 76295 13925 6902 3706 19449 20288 99896 27369 85023 71127 70656 54413 84197 85723 76530 31390 8304 57805 37616 41837 16186 17134 21910 54334 5155 35493 68736 85745 56020 6449 43136 90764 83399 53686 88328 24045 30714 40773 41131 95043 68452 45174 14053 81569 82586 1545 26417 17607 17618 96632 54010 52994 19138 7111 98014 75623 7258 25894 98035 94895 31700 92425 77311 94527 58000 45577 21807 80660 
449 88
35187 42353 74715 73388 17765 14221 65440 82534 62859 55538 61280 36532 96654 70792 45117 8738 56577 40986 14146 45587 87529 2750 25981 50418 33363 37103 5506 47506 66779 61376 27465 73227 70843 2809 36822 78032 73698 65211 87934 50228 64530 78148 10114 55492 63463 9404 92099 59983 60562 17073 36331 93618 96188 17494 47415 71818 10023 64677 6555 37229 46802 67839 70580 39400 62520 39668 25846 6829 61645 76997 8277 51995 3698 47757 78085 28654 47444 84322 88085 62223 12700 71940 84501 9421 8258 6396 66548 52718 
956 80
3116 5674 98295 24021 76904 62676 74817 47195 50619 84152 87849 25288 32945 64252 28875 88647 12490 96466 16572 77011 49690 78082 80009 3500 9626 49173 36907 64515 9361 11897 94749 47881 48933 93085 63289 95217 58693 36846 550 5739 64077 97145 72058 21137 74395 496 3521 35066 25668 23369 68163 25886 13329 46783 58719 11337 17487 62225 48577 40718 9427 26198 63207 98777 46869 79010 10421 47751 47346 1196 85263 62894 103 30288 89441 68467 18514 983 18145 63788 
90 73
32108 59431 88996 21595 9444 6358 88769 49386 31716 16127 55955 98156 60757 20508 78188 81295 19821 79021 45984 93832 2393 1247 17583 6614 88301 48038 77369 1605 4517 69697 67288 68857 9467 90171 48071 42979 92337 8601 3434 24705 59278 26019 44013 91417 282 94230 70164 24847 21673 49879 66654 70157 55938 91012 53333 60485 38954 12449 38861 1375 31899 37927 1169 36892 85727 89568 73531 93482 90141 45228 44395 62921 77226 
339 67
33939 85842 56685 11226 72093 16460 10571 16906 87887 97963 20228 17051 22452 69900 36312 12308 13418 97734 64657 70459 11172 93518 6556 6498 83739 73030 25005 31600 88817 80315 17908 76712 65410 31498 47538 94891 33258 95677 79982 20701 26611 63342 33764 82733 42706 97530 18614 11434 97717 60030 69123 45621 40878 65090 59266 41202 83930 99589 97809 92646 29363 52926 30692 84875 81369 42697 57920 
77 63
72800 30094 65553 73758 44768 65368 92322 85719 15085 130 60095 13317 63684 46747 19105 65366 77585 46115 51265 76223 54691 38277 6219 84551 47192 27410 68550 44116 18713 22688 13977 33978 39722 47594 71433 28978 95515 41443 83211 54044 55766 79747 33250 37074 38174 88438 35262 73009 23233 54809 72935 96993 44735 92883 75130 26904 24948 93293 47846 1400 24977 69209 5530 
627 57
94656 28779 46707 11962 21027 46228 53641 26726 75951 61114 96165 15581 15045 28149 8796 3167 16844 36339 65637 20803 44512 89547 72043 94183 26035 98568 89870 57122 22302 92540 57714 93785 42674 23731 50928 46114 85747 90824 78320 80176 566 89274 52147 64409 8290 36087 7991 30416 49393 66475 41590 98838 44076 86060 23675 68586 89518 
858 50
50524 88670 92074 19269 85433 59567 62710 59043 60758 56764 8343 49579 70289 18210 31033 91848 25792 87867 71906 88461 41111 24376 46894 48488 42338 78742 45839 68461 67827 36694 3778 4557 15618 71509 32896 51444 95370 82705 33069 99575 47373 60730 32737 2931 81933 60974 55710 40920 47095 75997 
577 44
43968 22310 20682 39891 24625 73444 72748 86603 77856 41487 52760 63435 92441 74405 4803 89058 73299 68172 99854 41470 55822 30435 65436 51369 18249 34552 4492 40242 32647 88422 40321 97201 23637 13791 7440 5844 33177 45505 54568 60361 16326 34545 14543 41134 
400 42
71265 27077 37503 29838 57976 93318 53727 45851 14212 30294 59638 75741 22455 17224 46879 72111 79531 25651 70945 34160 33849 58133 89843 65706 76644 3796 63087 88748 25431 55654 17560 92053 17065 17739 93810 29840 24787 78346 40447 97932 17510 86351 
57 39
6419 49998 81122 49970 93243 81682 73766 98077 59610 79575 10158 27417 16246 31615 30944 24451 75415 61389 34346 96246 56913 41021 14726 43892 74318 76655 46994 79615 11445 98914 41621 66789 80187 41755 10649 55550 17358 67552 436 
99 32
48688 99864 86168 80328 96092 61757 9003 43262 38493 11039 26703 24138 68420 60788 32252 85057 65616 15734 60332 98784 90281 99244 63256 5655 22816 85833 33111 52715 70832 94458 61654 31520 
745 26
70524 77945 70812 36737 79188 44812 19335 41327 68593 73251 75368 35388 46097 90292 24411 90601 78261 72017 69371 36241 32599 28114 88654 96224 26510 11683 
721 17
1554 12329 95024 50525 94688 10566 16609 96370 75176 27837 97487 58143 99608 52262 68097 23968 57526 
753 10
83060 87670 5153 75075 20198 86319 12207 73971 22609 45638 
511 6
27618 65937 33118 52754 50258 54480 
719 2
37681 89328 
